   2.1029707e-02   9.9512627e-01
   2.2782230e-01   3.4312700e-01
   3.6264773e-01   3.8846846e-01
   8.4691310e-01   6.4914732e-01
   2.8551860e-01   9.5500229e-01
   4.0110454e-01   4.9076180e-01
   3.3871518e-01   4.8554870e-01
   6.3921116e-01   2.3232132e-01
   5.5373640e-01   7.6106158e-01
   6.5261050e-01   5.1650019e-01
   5.4907730e-01   9.9847716e-01
   6.4484017e-01   3.5090003e-01
   9.0773346e-01   1.1877261e-01
   2.3561276e-01   2.1803016e-01
   6.2438896e-03   8.7879143e-01
   1.8587721e-02   2.4995610e-01
   4.0458523e-01   4.7576326e-01
   3.3762736e-01   2.9356592e-02
   9.4023294e-01   8.1811443e-01
   3.5868368e-01   1.1300125e-01
   8.1303806e-01   9.0518424e-01
   9.3001880e-01   1.4937818e-01
   3.8696304e-01   7.9391147e-01
   7.0821538e-01   2.3984941e-01
   8.0811131e-02   8.4054278e-01
   7.6224380e-01   2.8706906e-01
   6.5758811e-02   4.2834645e-01
   1.1843701e-01   7.0209561e-01
   7.2142724e-01   2.1430948e-01
   5.8429254e-01   2.7546205e-01
   8.1330796e-01   7.4752417e-01
   8.6500006e-01   2.0822994e-01
   6.6552574e-01   3.4630138e-01
   7.1605987e-01   1.5677476e-01
   1.5944250e-01   3.7061416e-02
   8.7395914e-01   9.7747322e-01
   4.8977933e-01   5.0715724e-01
   2.0502658e-02   8.6123374e-01
   2.8514025e-01   9.6211953e-01
   4.8454149e-01   1.8821161e-01
   6.3027862e-02   5.0761979e-02
   1.8619633e-01   1.8914961e-01
   2.9283339e-01   7.7553087e-02
   3.8899549e-01   5.5244772e-01
   3.4767760e-01   4.5539226e-01
   7.8795694e-01   9.8828109e-01
   4.2571415e-01   1.0840434e-01
   6.2198561e-01   9.2887665e-02
   8.5784242e-01   3.0092961e-01
   9.7027194e-01   2.3990296e-02
   9.2309250e-01   2.4317196e-01
   3.8437336e-01   1.5423474e-01
   2.1363005e-01   7.0928532e-01
   4.1859729e-01   4.4413472e-01
   9.8709939e-01   1.7768192e-01
   2.8098181e-01   5.2914058e-01
   9.4138373e-01   1.5912111e-01
   1.1903892e-01   4.8288332e-01
   4.0267708e-01   5.6044863e-01
   6.0833173e-01   8.3875995e-01
   6.6392311e-01   7.6318279e-01
   5.7968806e-01   8.4486532e-01
   2.5070277e-01   5.1314665e-01
   6.7786069e-01   3.1268137e-01
   5.2421196e-01   1.1849768e-02
   4.3044779e-01   3.9576669e-01
   5.3903975e-01   4.7377475e-01
   9.6216795e-01   3.4456220e-01
   9.3867929e-01   7.9529756e-01
   5.0629936e-01   3.4819468e-01
   4.9663784e-01   6.1572808e-01
   2.3008744e-01   2.5964332e-01
   4.7789834e-02   4.1206642e-02
   1.9143870e-01   6.8862614e-01
   8.7930025e-01   6.7526228e-01
   1.5013071e-01   2.3695768e-01
   4.7909373e-01   3.8898888e-01
   4.8412612e-01   8.7492222e-01
   9.4480148e-01   6.7448060e-01
   6.1258096e-02   6.0354039e-01
   4.8717491e-01   6.1113616e-01
   6.9712655e-01   6.3300474e-01
   9.2339760e-01   7.0041514e-01
   1.8064805e-01   7.0985331e-01
   2.3267755e-01   5.5342477e-02
   9.0258947e-01   9.0538272e-01
   3.2324669e-01   7.1092888e-01
   2.5493613e-01   7.7291526e-01
   6.9286147e-01   6.2314776e-01
   8.5908901e-01   7.6546164e-02
   4.9310560e-02   4.5966522e-01
   3.8322060e-02   1.8072203e-01
   6.4717015e-01   4.4094870e-01
   3.9633585e-01   7.9936808e-01
   5.2551130e-01   8.5977061e-01
   8.2602402e-01   1.0640267e-01
   8.0558699e-01   9.9922564e-01
   5.1079302e-01   5.6887319e-01
   3.6616644e-01   9.3171021e-01
   4.6826618e-01   6.1727403e-01
