0.5211114883422852 
-0.0746297836303711 
0.07237911224365234 
-0.11939525604248047 
-0.22453784942626953 
-0.47861576080322266 
-0.6444978713989258 
-0.763545036315918 
-0.8614969253540039 
0.19358158111572266 
-0.37671566009521484 
-0.7275247573852539 
0.22511959075927734 
-1.1168909072875977 
-0.4678773880004883 
0.7509946823120117 
-1.3705110549926758 
-0.44608592987060547 
0.19472599029541016 
0.26282787322998047 
0.5583047866821289 
-1.175532341003418 
2.6273679733276367 
-0.24441242218017578 
1.6749238967895508 
1.5383672714233398 
-0.48202991485595703 
-0.994257926940918 
-0.4522275924682617 
0.8192682266235352 
0.23386478424072266 
-1.4913702011108398 
-0.18027782440185547 
1.178431510925293 
0.7219076156616211 
0.6515836715698242 
-1.0869646072387695 
-1.4090967178344727 
2.241339683532715 
1.3451910018920898 
-0.3666067123413086 
1.3937997817993164 
-1.4267301559448242 
1.508650779724121 
1.312556266784668 
0.8126020431518555 
1.8861818313598633 
-0.6249284744262695 
0.42531490325927734 
-0.5081033706665039 
-1.1747407913208008 
0.9535455703735352 
-2.1071958541870117 
-0.5877161026000977 
-0.1347494125366211 
1.1503362655639648 
-0.41472911834716797 
-0.7206869125366211 
0.7610559463500977 
0.16322612762451172 
1.2287664413452148 
-0.7166719436645508 
0.9195661544799805 
0.06702899932861328 
-2.612032890319824 
-1.8828248977661133 
0.5029726028442383 
0.2535104751586914 
0.7817316055297852 
-0.7937097549438477 
-1.0759687423706055 
0.6314897537231445 
-0.1580667495727539 
-0.20427227020263672 
0.8789491653442383 
-0.3612184524536133 
0.2634000778198242 
0.6707525253295898 
1.1567068099975586 
-0.3737306594848633 
0.4565286636352539 
-1.7638158798217773 
-0.40657520294189453 
1.557021141052246 
-0.26245594024658203 
-0.661616325378418 
-0.05630970001220703 
0.25825977325439453 
-0.9404325485229492 
-1.5734338760375977 
-0.14188289642333984 
0.977778434753418 
-0.592036247253418 
1.4930295944213867 
-0.8620595932006836 
0.2509164810180664 
0.5433416366577148 
-1.358647346496582 
-0.45722484588623047 
-0.6409597396850586 
0.7491636276245117 
-1.2555265426635742 
-0.6108999252319336 
-0.4918050765991211 
0.5522775650024414 
-1.6591596603393555 
0.1242971420288086 
-0.1481771469116211 
-1.0710573196411133 
1.5086030960083008 
0.9461164474487305 
-1.0526227951049805 
0.24543285369873047 
-0.45821666717529297 
0.6780099868774414 
0.21541118621826172 
0.9011507034301758 
-1.4859724044799805 
1.1535406112670898 
-1.5149259567260742 
-2.0975828170776367 
-0.15697956085205078 
0.4910898208618164 
1.621699333190918 
-1.0177087783813477 
0.6257867813110352 
-0.5995988845825195 
-1.4393091201782227 
-0.6800317764282227 
2.476983070373535 
0.13020992279052734 
-2.195591926574707 
1.170954704284668 
0.7573556900024414 
0.4391908645629883 
-0.6515169143676758 
-2.0392465591430664 
0.8266019821166992 
-0.32674312591552734 
-0.7137823104858398 
-2.405123710632324 
0.10100841522216797 
1.4603567123413086 
-1.015620231628418 
0.9037542343139648 
-1.3250112533569336 
-1.884598731994629 
0.9787607192993164 
1.713709831237793 
0.919184684753418 
0.39186954498291016 
0.1576375961303711 
-1.2639093399047852 
0.31280994415283203 
0.10714054107666016 
-2.4521780014038086 
0.07606029510498047 
-2.4150514602661133 
-1.2057065963745117 
0.5274820327758789 
-1.3355588912963867 
-0.19342899322509766 
-0.7597017288208008 
0.41867733001708984 
0.19855976104736328 
0.5399084091186523 
0.3785085678100586 
-2.0601511001586914 
-0.9113454818725586 
-1.5901803970336914 
0.908198356628418 
-0.0670766830444336 
-0.9198427200317383 
-0.7522153854370117 
1.6235780715942383 
0.20678997039794922 
3.3200693130493164 
-1.6007757186889648 
-0.4798555374145508 
-0.7560110092163086 
0.23021221160888672 
-1.7137861251831055 
-0.6396913528442383 
-0.7350301742553711 
0.2514219284057617 
0.3711557388305664 
0.7767820358276367 
0.6566572189331055 
0.3923654556274414 
-0.38169384002685547 
0.6527471542358398 
1.1934900283813477 
0.35814762115478516 
-1.4082002639770508 
-0.5151510238647461 
-0.8496332168579102 
-0.019516944885253906 
-1.4029550552368164 
-0.3011178970336914 
0.6054544448852539 
0.49692630767822266 
1.895136833190918 
1.5939760208129883 
0.1259469985961914 
2.471327781677246 
0.7930421829223633 
0.24753093719482422 
-0.28284549713134766 
-0.31424999237060547 
2.1474695205688477 
-0.5681085586547852 
0.5428361892700195 
0.8297491073608398 
-0.1452779769897461 
1.8027734756469727 
0.3725004196166992 
0.9319639205932617 
-0.36760807037353516 
0.932316780090332 
0.28900623321533203 
-0.7570219039916992 
0.5182027816772461 
3.6740922927856445 
0.6811666488647461 
0.5190420150756836 
0.07596492767333984 
-3.45064640045166 
-0.22666454315185547 
0.47505855560302734 
-1.278395652770996 
0.09472370147705078 
-1.5200281143188477 
0.8424615859985352 
1.228041648864746 
-2.57967472076416 
1.0092496871948242 
0.7293844223022461 
-0.6554460525512695 
0.13310909271240234 
0.8760690689086914 
-0.018706321716308594 
0.017142295837402344 
0.2746248245239258 
0.8424806594848633 
0.3879976272583008 
0.9141016006469727 
-0.19200801849365234 
-0.03345966339111328 
-1.0131406784057617 
1.9759225845336914 
-0.4555368423461914 
-0.2820253372192383 
1.495070457458496 
-0.5887269973754883 
0.4681539535522461 
-1.255812644958496 
-0.2694082260131836 
0.1318502426147461 
-1.3465642929077148 
1.743769645690918 
-2.8469228744506836 
-0.38012027740478516 
-0.0641775131225586 
1.9292783737182617 
-0.621800422668457 
-0.43799877166748047 
-2.171320915222168 
0.5610799789428711 
1.8944311141967773 
0.0030279159545898438 
0.7659578323364258 
-1.8262624740600586 
-1.6755342483520508 
0.823969841003418 
-0.7895040512084961 
1.1329221725463867 
0.17427921295166016 
-2.1302270889282227 
-0.02128124237060547 
0.581812858581543 
-1.610884666442871 
-0.7822942733764648 
0.07111072540283203 
-0.1910257339477539 
0.07274150848388672 
0.6639337539672852 
0.16471385955810547 
-1.3093805313110352 
0.03414630889892578 
-1.1985540390014648 
-1.9281530380249023 
0.3104829788208008 
1.400303840637207 
-0.18951892852783203 
1.4122629165649414 
0.7099580764770508 
0.9861230850219727 
1.2033891677856445 
-0.5164289474487305 
0.3223848342895508 
1.172633171081543 
2.042355537414551 
-1.7340898513793945 
-2.3171377182006836 
0.012831687927246094 
-0.7540559768676758 
-0.35049915313720703 
1.685175895690918 
2.377943992614746 
1.6461420059204102 
-0.9946584701538086 
-2.0586061477661133 
1.8635797500610352 
-0.22282123565673828 
0.676875114440918 
-0.7636785507202148 
-0.20370960235595703 
0.37994861602783203 
0.5322790145874023 
0.5265569686889648 
1.153721809387207 
1.8212175369262695 
0.5798482894897461 
0.14081478118896484 
-0.32333850860595703 
-0.8319807052612305 
1.0203981399536133 
-2.766890525817871 
0.38963794708251953 
-0.12730121612548828 
-0.18004894256591797 
-1.1930608749389648 
-2.6697683334350586 
-0.49271106719970703 
1.6993093490600586 
-0.3362131118774414 
-0.787501335144043 
-0.005097389221191406 
0.8554506301879883 
0.6339788436889648 
0.15301227569580078 
-1.178584098815918 
1.1208868026733398 
0.9591531753540039 
0.5717039108276367 
-0.590357780456543 
0.888514518737793 
-0.34004688262939453 
-1.6021013259887695 
0.25067806243896484 
0.6273603439331055 
0.42106151580810547 
-0.15787601470947266 
-0.45409679412841797 
1.7619943618774414 
2.3881006240844727 
-1.015458106994629 
0.36720752716064453 
-0.7224512100219727 
1.9527673721313477 
-1.8327665328979492 
-0.6480169296264648 
-0.2877473831176758 
0.8830785751342773 
-0.8459234237670898 
0.6121397018432617 
0.4905080795288086 
-0.8955621719360352 
-1.362442970275879 
0.5055093765258789 
-0.5261468887329102 
0.7610082626342773 
2.2071409225463867 
-0.022263526916503906 
-1.9086885452270508 
0.32358646392822266 
1.371006965637207 
-0.05046367645263672 
-0.9099531173706055 
-1.0959959030151367 
-0.4603242874145508 
0.6156492233276367 
-1.3114690780639648 
-3.4747743606567383 
-0.6023740768432617 
-1.7781305313110352 
-0.5762434005737305 
-1.7196035385131836 
-0.652318000793457 
-0.9041738510131836 
-0.652155876159668 
0.04519939422607422 
-0.47660350799560547 
-0.26270389556884766 
-1.1388349533081055 
-0.009036064147949219 
0.3421926498413086 
-1.3146448135375977 
-1.0724210739135742 
-4.687676429748535 
-0.04088878631591797 
1.159653663635254 
-0.6028127670288086 
-1.7882490158081055 
-0.4446840286254883 
0.855259895324707 
-0.5514001846313477 
0.19615650177001953 
0.558619499206543 
-0.9350156784057617 
-0.7246541976928711 
-1.768784523010254 
0.37752628326416016 
1.146245002746582 
-0.6722688674926758 
1.5335416793823242 
1.729264259338379 
-0.02460002899169922 
0.6921625137329102 
0.18183231353759766 
-0.7126760482788086 
-0.25893688201904297 
-0.1873636245727539 
-1.1264276504516602 
1.0532903671264648 
-0.2582883834838867 
0.5648088455200195 
1.4590024948120117 
-0.034651756286621094 
-0.06026744842529297 
-0.27747631072998047 
2.216916084289551 
0.9606504440307617 
1.7754411697387695 
0.21972179412841797 
2.339644432067871 
-3.216109275817871 
2.653975486755371 
0.548090934753418 
0.9248495101928711 
-0.24505138397216797 
-0.5574560165405273 
-1.2323904037475586 
0.7248640060424805 
1.3427019119262695 
-0.7755613327026367 
-0.7192087173461914 
0.8211565017700195 
0.4458475112915039 
1.4586305618286133 
-0.32027721405029297 
0.4873228073120117 
-0.42809009552001953 
-1.7483091354370117 
-1.2794160842895508 
2.3876428604125977 
1.6848421096801758 
-0.5926370620727539 
-0.2655363082885742 
0.8632421493530273 
-0.7299280166625977 
0.5342817306518555 
-0.9958219528198242 
1.1695623397827148 
-2.5325822830200195 
1.2973642349243164 
-0.4104185104370117 
-0.28938770294189453 
0.5630064010620117 
-1.4583063125610352 
0.010590553283691406 
0.1578664779663086 
-1.257796287536621 
-0.3201436996459961 
0.3937959671020508 
0.8557748794555664 
-0.21545886993408203 
-0.2940797805786133 
-1.1520910263061523 
0.21733760833740234 
2.17165470123291 
1.524643898010254 
-1.7238855361938477 
0.5068826675415039 
-0.2560853958129883 
-0.9666585922241211 
1.5745878219604492 
0.39985179901123047 
-0.40687084197998047 
0.2284097671508789 
-0.5318212509155273 
-0.1102304458618164 
0.49695491790771484 
-2.867913246154785 
0.6973409652709961 
-0.518488883972168 
0.697474479675293 
-0.2208089828491211 
-0.3665018081665039 
-0.41681766510009766 
0.01785755157470703 
-0.24474620819091797 
-0.04523754119873047 
-1.713728904724121 
1.7233705520629883 
-0.5899667739868164 
-0.2434682846069336 
0.3521871566772461 
-1.8015718460083008 
-1.8788862228393555 
-0.550227165222168 
0.47462940216064453 
-0.8965158462524414 
0.8001184463500977 
-0.5022382736206055 
-0.31049251556396484 
-0.8082342147827148 
-1.0362863540649414 
0.22170543670654297 
-0.5706644058227539 
0.6370019912719727 
0.3289937973022461 
-0.7021951675415039 
-0.23941516876220703 
0.5705976486206055 
-0.7140684127807617 
0.8453989028930664 
-1.5557336807250977 
-0.13538837432861328 
-1.0891485214233398 
-0.9045267105102539 
0.6679487228393555 
0.04645824432373047 
0.6954813003540039 
-0.7844972610473633 
0.40700435638427734 
-0.23656368255615234 
1.2282419204711914 
0.5793619155883789 
0.7931756973266602 
-0.4340219497680664 
0.9226560592651367 
0.5054521560668945 
-0.17306804656982422 
-0.25649547576904297 
-0.16276836395263672 
-0.24828433990478516 
1.413130760192871 
0.2265024185180664 
1.0599279403686523 
-0.6463098526000977 
-0.5552530288696289 
0.04536151885986328 
0.541682243347168 
-0.5586385726928711 
1.0614824295043945 
-1.735224723815918 
-0.0035047531127929688 
-2.2014284133911133 
-0.7616758346557617 
-0.6049776077270508 
-1.5142107009887695 
-0.040640830993652344 
0.49576282501220703 
-0.7265710830688477 
2.3212766647338867 
0.5314779281616211 
-0.24958133697509766 
-0.30075550079345703 
2.381758689880371 
-1.058821678161621 
0.6595182418823242 
0.5475187301635742 
1.123490333557129 
0.6791448593139648 
1.826310157775879 
-0.6291341781616211 
2.2406911849975586 
-0.5845117568969727 
-0.6108331680297852 
-0.3715181350708008 
-1.1284589767456055 
0.2701139450073242 
-0.3064107894897461 
2.6113462448120117 
-1.3816404342651367 
0.33971309661865234 
-0.3188943862915039 
0.6768274307250977 
0.24769306182861328 
0.8258485794067383 
-1.2137842178344727 
-0.8358049392700195 
0.6345701217651367 
-1.3640642166137695 
-0.6193971633911133 
-0.9508657455444336 
-0.5428743362426758 
0.682826042175293 
1.3209867477416992 
1.0166311264038086 
0.30936717987060547 
0.2672433853149414 
-0.16955852508544922 
-1.2715578079223633 
0.4219961166381836 
0.9522294998168945 
1.7554044723510742 
0.12218952178955078 
1.6590070724487305 
-1.0975408554077148 
-0.27491092681884766 
0.6902837753295898 
0.43411731719970703 
-1.8056058883666992 
0.49286365509033203 
-1.3959741592407227 
0.6240987777709961 
-1.6574811935424805 
1.1387109756469727 
0.40726184844970703 
-1.3651418685913086 
0.44133663177490234 
-0.7452058792114258 
0.22163867950439453 
0.7567548751831055 
-0.6053495407104492 
1.3060331344604492 
3.4598588943481445 
1.3692903518676758 
0.02998828887939453 
-2.4892282485961914 
1.5690279006958008 
0.9372091293334961 
0.6017160415649414 
-0.5245828628540039 
1.1052274703979492 
-0.23600101470947266 
0.9729528427124023 
-1.6712522506713867 
-0.42989253997802734 
-0.2320241928100586 
-0.8665990829467773 
-0.8115148544311523 
-2.060542106628418 
-1.3106012344360352 
-0.3021097183227539 
0.4964590072631836 
1.0719728469848633 
-0.514683723449707 
0.8124113082885742 
-0.6278848648071289 
0.9141683578491211 
0.575098991394043 
1.1831331253051758 
0.6712198257446289 
0.25716304779052734 
-1.6028738021850586 
2.3721933364868164 
0.42539119720458984 
-0.2248239517211914 
-0.13316631317138672 
-2.522578239440918 
-0.0025224685668945312 
0.0026559829711914062 
-1.2209367752075195 
0.6473684310913086 
-0.27725696563720703 
-0.5571794509887695 
-1.4824914932250977 
-0.21744251251220703 
-0.19656658172607422 
0.9516572952270508 
0.46610355377197266 
-1.0874414443969727 
0.3057718276977539 
-1.290268898010254 
-1.0222387313842773 
-0.3265047073364258 
0.1857614517211914 
1.1186742782592773 
-0.04325389862060547 
-1.3079309463500977 
2.0440053939819336 
-0.6891775131225586 
-0.1782846450805664 
-0.31954288482666016 
0.5451059341430664 
-0.5793905258178711 
1.048445701599121 
0.2368307113647461 
-1.8192815780639648 
-0.2490091323852539 
-3.3046674728393555 
-0.02330303192138672 
2.140536308288574 
1.6848230361938477 
0.34139156341552734 
0.4693460464477539 
0.09277820587158203 
-1.5979909896850586 
-2.2912073135375977 
-0.8451128005981445 
1.8902158737182617 
0.923457145690918 
0.5607080459594727 
-0.044951438903808594 
1.2844038009643555 
-0.4929494857788086 
-1.9540071487426758 
-0.11640071868896484 
1.056818962097168 
0.6779718399047852 
-1.1658143997192383 
1.019749641418457 
0.6411504745483398 
0.23482799530029297 
-0.782017707824707 
-0.36997318267822266 
-0.555119514465332 
0.9648942947387695 
-2.0753049850463867 
1.3506650924682617 
0.8461999893188477 
0.24132251739501953 
0.3583669662475586 
0.16418933868408203 
-1.6301488876342773 
2.2315454483032227 
1.4596128463745117 
-1.7817449569702148 
0.1728963851928711 
-0.21975040435791016 
0.5203962326049805 
1.596980094909668 
1.5752363204956055 
0.22166728973388672 
1.4152956008911133 
1.1094903945922852 
1.103653907775879 
0.29983043670654297 
0.014595985412597656 
-1.7224836349487305 
-0.48721790313720703 
0.8291196823120117 
0.5912923812866211 
0.02246379852294922 
2.8821706771850586 
-0.8671426773071289 
-1.9165372848510742 
0.4176950454711914 
-0.08442401885986328 
-0.12965679168701172 
1.000990867614746 
0.1393270492553711 
-0.24830341339111328 
1.4441919326782227 
1.7117071151733398 
1.7878103256225586 
0.2747964859008789 
-1.5233564376831055 
-0.5514287948608398 
0.5790948867797852 
-0.37661075592041016 
1.952834129333496 
1.238236427307129 
-0.7302999496459961 
2.398257255554199 
1.148076057434082 
2.2465085983276367 
-0.9020185470581055 
0.9977006912231445 
-1.0434961318969727 
-2.066779136657715 
-0.964655876159668 
0.3528165817260742 
0.3423643112182617 
-2.659926414489746 
-0.036149024963378906 
0.3394746780395508 
-0.4876852035522461 
0.29401302337646484 
0.48531055450439453 
-1.0599756240844727 
-2.9140520095825195 
0.32129764556884766 
0.6584882736206055 
0.8342504501342773 
0.25342464447021484 
-0.1734781265258789 
0.3420591354370117 
-0.24506092071533203 
-0.02856731414794922 
0.6915712356567383 
-1.3660573959350586 
1.3518190383911133 
1.0444116592407227 
0.5893850326538086 
0.7795572280883789 
1.1143255233764648 
1.4972448348999023 
2.38222599029541 
-0.5652284622192383 
-0.8494901657104492 
1.6233110427856445 
0.12718677520751953 
-2.2815942764282227 
-1.4866209030151367 
0.6368112564086914 
-0.5189847946166992 
-0.5964517593383789 
0.5415964126586914 
2.3507165908813477 
-0.8107805252075195 
-2.5507593154907227 
0.2286672592163086 
-0.7505655288696289 
2.238497734069824 
-0.07532596588134766 
0.6104421615600586 
0.9227132797241211 
1.4298772811889648 
-0.19922733306884766 
-1.4988279342651367 
-0.7317018508911133 
0.25787830352783203 
0.4207468032836914 
0.5995988845825195 
1.0055208206176758 
1.1576223373413086 
-1.5435361862182617 
-1.6419267654418945 
1.6358709335327148 
0.41234493255615234 
1.4874887466430664 
-0.6367826461791992 
-2.2317934036254883 
-0.935969352722168 
-0.09663105010986328 
0.33394336700439453 
-0.7356786727905273 
0.2455759048461914 
0.3303098678588867 
1.335444450378418 
0.060334205627441406 
0.612025260925293 
-2.8200578689575195 
-0.02143383026123047 
-0.4308462142944336 
0.2584218978881836 
-0.568089485168457 
-0.0982809066772461 
0.4265165328979492 
-0.7023859024047852 
0.10828495025634766 
-0.12137889862060547 
-2.0149946212768555 
1.195359230041504 
-0.29274463653564453 
1.359562873840332 
1.288151741027832 
-0.0038671493530273438 
0.46448230743408203 
-1.1361074447631836 
0.7530927658081055 
-0.6140756607055664 
-0.17084598541259766 
-0.20980358123779297 
-1.0257959365844727 
0.039381980895996094 
-0.23059368133544922 
-1.1097288131713867 
-0.6604242324829102 
-0.7101774215698242 
-0.6778478622436523 
-0.016961097717285156 
-0.6189680099487305 
-1.0345697402954102 
0.508418083190918 
-0.48072338104248047 
-0.7988595962524414 
-0.8191251754760742 
-0.5790472030639648 
-0.5218839645385742 
-0.17345905303955078 
-0.9766340255737305 
-0.11723041534423828 
0.010590553283691406 
0.6309747695922852 
-0.6774759292602539 
-0.41399478912353516 
0.6618833541870117 
0.08857250213623047 
0.8020925521850586 
0.9191751480102539 
-0.6538820266723633 
-0.682835578918457 
-1.3527631759643555 
1.3895559310913086 
-0.014424324035644531 
0.27872562408447266 
1.051030158996582 
0.02216815948486328 
1.075911521911621 
-0.523076057434082 
0.6043004989624023 
0.2603769302368164 
0.09757518768310547 
0.8174467086791992 
0.4913187026977539 
2.60983943939209 
1.422715187072754 
0.010027885437011719 
0.43833255767822266 
-1.558985710144043 
1.3391351699829102 
-1.5358400344848633 
0.32740116119384766 
-1.8689393997192383 
1.4414072036743164 
-0.6740713119506836 
0.9021520614624023 
-0.0970602035522461 
0.5722284317016602 
-0.7473039627075195 
-1.3469648361206055 
1.1072397232055664 
-1.1805105209350586 
0.3644132614135742 
0.0834035873413086 
0.3603029251098633 
-3.543124198913574 
1.525111198425293 
0.14068126678466797 
1.5142202377319336 
-1.4127302169799805 
-0.1411581039428711 
1.5052461624145508 
-0.03765583038330078 
0.0808572769165039 
1.1019086837768555 
0.4659128189086914 
-1.4249753952026367 
1.7447233200073242 
1.9505643844604492 
-0.3533315658569336 
0.0849008560180664 
-0.7316732406616211 
-1.5674066543579102 
-0.3082132339477539 
0.7840108871459961 
-1.0043001174926758 
-0.3586435317993164 
-0.035843849182128906 
-0.4192972183227539 
-2.8862524032592773 
-0.22002696990966797 
-1.5457773208618164 
-0.1403188705444336 
1.5969324111938477 
0.8506536483764648 
-0.5651998519897461 
-0.865178108215332 
1.2597894668579102 
-0.4793977737426758 
0.2048635482788086 
-0.1117086410522461 
0.8887910842895508 
-1.0269784927368164 
0.7675981521606445 
0.21598339080810547 
-0.06998538970947266 
1.483139991760254 
-1.1296796798706055 
1.0925817489624023 
-0.5574369430541992 
-1.6988706588745117 
1.9729089736938477 
-0.4192018508911133 
-0.7561349868774414 
0.2602720260620117 
1.5521669387817383 
1.7792940139770508 
0.4295492172241211 
0.9047460556030273 
1.5903997421264648 
0.32829761505126953 
1.1117887496948242 
-0.9110784530639648 
-0.4702615737915039 
1.8983221054077148 
0.7201623916625977 
-0.49018383026123047 
0.26221752166748047 
-0.3445100784301758 
-2.897610664367676 
-0.25421619415283203 
-1.3270998001098633 
0.30568599700927734 
-3.202509880065918 
0.9095239639282227 
-0.7546472549438477 
-1.4530038833618164 
-1.8198347091674805 
0.7084417343139648 
-0.9031152725219727 
-1.796736717224121 
-0.27701854705810547 
-1.9077825546264648 
-0.41201114654541016 
0.6741762161254883 
-0.3603696823120117 
-0.8614873886108398 
-1.564650535583496 
0.4516267776489258 
-2.0421552658081055 
1.2067270278930664 
-0.09669780731201172 
0.3558492660522461 
-0.15700817108154297 
1.656355857849121 
0.008425712585449219 
2.1093034744262695 
-2.06204891204834 
1.046605110168457 
0.11675357818603516 
-0.38510799407958984 
1.7003870010375977 
-0.3271055221557617 
0.512537956237793 
-0.9039545059204102 
0.2309560775756836 
-0.018973350524902344 
-2.367367744445801 
2.526583671569824 
-0.4475545883178711 
-0.1035928726196289 
-0.4900217056274414 
0.831913948059082 
1.1284589767456055 
0.7970285415649414 
1.1255407333374023 
1.5280866622924805 
1.2527227401733398 
-1.0036802291870117 
-0.25207042694091797 
0.9313344955444336 
0.43775081634521484 
0.9770441055297852 
0.1905965805053711 
-0.3489542007446289 
1.2711191177368164 
0.055365562438964844 
-1.1873579025268555 
-0.6931924819946289 
-1.5342283248901367 
-1.2734651565551758 
1.4777708053588867 
0.22910594940185547 
-0.3265523910522461 
-0.5137109756469727 
0.5820894241333008 
0.32477855682373047 
-0.5362462997436523 
-0.973973274230957 
0.5573606491088867 
2.3818445205688477 
-0.13002872467041016 
-1.2368249893188477 
0.3695344924926758 
0.10498523712158203 
0.5824899673461914 
-0.5079507827758789 
-0.7285642623901367 
-0.560002326965332 
0.005230903625488281 
0.22280216217041016 
1.135716438293457 
0.21680355072021484 
1.6396188735961914 
-0.7276201248168945 
0.34098148345947266 
-0.2859830856323242 
0.2762937545776367 
-0.2340555191040039 
0.6604909896850586 
-1.4040803909301758 
0.7869577407836914 
-0.5306768417358398 
0.2283334732055664 
-1.9292497634887695 
0.0782155990600586 
-0.8124876022338867 
-0.9736108779907227 
0.44867992401123047 
-2.345700263977051 
-0.5365419387817383 
0.9650373458862305 
-0.9850072860717773 
2.1447038650512695 
0.699467658996582 
-0.10468006134033203 
-0.3998136520385742 
-1.249384880065918 
-0.7565546035766602 
0.17120838165283203 
-1.3877153396606445 
1.5907526016235352 
-0.09532451629638672 
0.27410030364990234 
-0.6595563888549805 
0.8505678176879883 
-1.6170263290405273 
0.8460569381713867 
0.29457569122314453 
-0.7679605484008789 
-0.16350269317626953 
0.22242069244384766 
-0.31548023223876953 
0.3814840316772461 
0.15621662139892578 
-0.0976419448852539 
0.46477794647216797 
0.3454446792602539 
-2.6760435104370117 
-0.3834390640258789 
-0.4673910140991211 
0.14778614044189453 
-0.03036022186279297 
-1.213974952697754 
-0.0954580307006836 
0.6847620010375977 
-1.2798357009887695 
-1.1163854598999023 
0.7237577438354492 
-0.5027532577514648 
1.0448694229125977 
0.9148073196411133 
0.4340982437133789 
-0.5918455123901367 
-1.022782325744629 
0.1970815658569336 
-0.3254270553588867 
0.6416940689086914 
-1.429753303527832 
0.829310417175293 
-0.5401277542114258 
1.971125602722168 
-0.7028722763061523 
0.7330942153930664 
0.35102367401123047 
-1.0823774337768555 
-0.2958536148071289 
0.5327653884887695 
-0.811457633972168 
-0.41811466217041016 
-0.6777334213256836 
-0.47098636627197266 
0.10030269622802734 
-0.4261350631713867 
0.9712934494018555 
1.6288232803344727 
0.9995794296264648 
0.7498311996459961 
0.524439811706543 
-0.555272102355957 
-0.3959989547729492 
-1.795973777770996 
-0.08617877960205078 
-0.7761907577514648 
-2.3714494705200195 
-1.0060358047485352 
-0.966038703918457 
-1.0603761672973633 
0.45565128326416016 
-0.7424783706665039 
-0.8318376541137695 
-0.6413984298706055 
1.9991254806518555 
0.0852060317993164 
0.5713701248168945 
-0.4655790328979492 
0.20635128021240234 
-0.33874034881591797 
2.068448066711426 
0.6508398056030273 
-0.11011600494384766 
-0.3104734420776367 
-2.840590476989746 
-2.4814367294311523 
-2.1763086318969727 
0.8222532272338867 
2.852663993835449 
0.6273984909057617 
0.16475200653076172 
-0.5217599868774414 
0.17035961151123047 
1.252274513244629 
0.43363094329833984 
-0.13290882110595703 
-3.5143613815307617 
-1.2040185928344727 
-1.0802507400512695 
0.3850126266479492 
-1.963486671447754 
-1.1520147323608398 
0.012402534484863281 
0.1046895980834961 
0.5333375930786133 
1.770625114440918 
-0.9831953048706055 
-1.815047264099121 
-0.7876157760620117 
-1.8799543380737305 
0.7838964462280273 
0.34612178802490234 
1.4214754104614258 
0.27529239654541016 
2.558751106262207 
1.4818811416625977 
-0.03276348114013672 
-0.7165765762329102 
-3.4610700607299805 
0.610346794128418 
-0.8721303939819336 
-0.5860376358032227 
0.7443761825561523 
0.2724027633666992 
-1.618943214416504 
-0.4684114456176758 
3.3855438232421875E-4 
-0.928034782409668 
0.7399988174438477 
0.30199527740478516 
0.006051063537597656 
-1.0357999801635742 
-0.7721376419067383 
-0.0711679458618164 
2.4472665786743164 
1.414628028869629 
0.9381818771362305 
1.0214757919311523 
-0.36293506622314453 
0.6423521041870117 
-2.165980339050293 
0.004162788391113281 
-0.42434215545654297 
0.1463460922241211 
1.4557695388793945 
-1.6016340255737305 
0.44579029083251953 
1.2512445449829102 
-1.1829233169555664 
0.03689289093017578 
-1.0483312606811523 
1.3431119918823242 
-0.38983821868896484 
-0.25672435760498047 
0.23562908172607422 
0.23265361785888672 
0.5259180068969727 
-1.1562681198120117 
-0.8462858200073242 
-1.7174386978149414 
-2.1231985092163086 
-0.3239583969116211 
-1.5327215194702148 
-0.20683765411376953 
-0.12644290924072266 
0.12344837188720703 
-0.5958414077758789 
0.807957649230957 
1.866774559020996 
-0.5466699600219727 
-1.6396570205688477 
0.5367708206176758 
1.0842466354370117 
-0.006461143493652344 
-0.19916057586669922 
0.9425592422485352 
-1.2496519088745117 
0.0958871841430664 
0.5856657028198242 
0.3502225875854492 
0.16974925994873047 
-1.0527372360229492 
-1.261305809020996 
-0.8004522323608398 
0.7000875473022461 
0.10593891143798828 
-0.39072513580322266 
1.5635442733764648 
-2.0138120651245117 
-0.2041482925415039 
-0.15271663665771484 
-0.6119489669799805 
-1.2160825729370117 
1.449570655822754 
0.41992664337158203 
-1.8596315383911133 
1.5406084060668945 
-0.9714746475219727 
1.1658811569213867 
0.36817073822021484 
-0.5873632431030273 
-1.4465665817260742 
-0.3983926773071289 
-1.9178152084350586 
1.113734245300293 
-0.40502071380615234 
0.19666194915771484 
-1.292252540588379 
-0.040764808654785156 
0.37938594818115234 
0.07832050323486328 
-1.1111021041870117 
1.349949836730957 
0.1299428939819336 
-0.5752134323120117 
-0.30725955963134766 
-0.5946969985961914 
-0.4789113998413086 
0.4657411575317383 
-1.4154672622680664 
0.07316112518310547 
-0.6236696243286133 
-1.3906335830688477 
-0.16283512115478516 
0.8066987991333008 
-1.3612031936645508 
0.542759895324707 
-2.2921323776245117 
0.07992267608642578 
-0.892033576965332 
-0.9195375442504883 
0.2906370162963867 
-0.35418033599853516 
0.45058727264404297 
-1.755080223083496 
0.24068355560302734 
-1.6464662551879883 
-0.16362667083740234 
-0.6395101547241211 
0.028939247131347656 
-1.8218278884887695 
-0.1637887954711914 
-0.8756875991821289 
-0.14965534210205078 
-0.40229320526123047 
-0.4806375503540039 
1.0410261154174805 
1.1921358108520508 
0.9665918350219727 
0.6846380233764648 
0.48342227935791016 
-0.7308530807495117 
1.2237215042114258 
0.9446096420288086 
-0.8462953567504883 
-1.2698984146118164 
0.8905458450317383 
-1.0855340957641602 
1.0131406784057617 
0.6175851821899414 
1.0514116287231445 
-1.2486028671264648 
0.2914571762084961 
1.2789487838745117 
-0.6180620193481445 
0.16291141510009766 
-0.48731327056884766 
0.14748096466064453 
0.6890726089477539 
0.791621208190918 
0.2852010726928711 
-0.9740495681762695 
0.9035444259643555 
1.8358087539672852 
-1.720566749572754 
-0.23192882537841797 
-0.22412776947021484 
0.8955621719360352 
-0.1340341567993164 
0.19218921661376953 
-1.4628267288208008 
0.7606840133666992 
-0.2808809280395508 
-1.741042137145996 
0.8811330795288086 
-0.9151411056518555 
0.10767459869384766 
-0.24739742279052734 
-0.8643007278442383 
0.36048412322998047 
0.9294271469116211 
2.151017189025879 
0.899662971496582 
1.4099836349487305 
0.40337085723876953 
0.9590005874633789 
0.05488872528076172 
1.5274667739868164 
1.1866140365600586 
-0.06656169891357422 
-0.1991128921508789 
-1.0561418533325195 
-0.5985689163208008 
0.7673406600952148 
2.1753740310668945 
-0.013556480407714844 
-0.06858348846435547 
1.0361623764038086 
0.7577180862426758 
-0.30890941619873047 
1.6288423538208008 
2.070603370666504 
1.0297822952270508 
-0.5035161972045898 
1.8050813674926758 
-0.1237630844116211 
-0.48329830169677734 
-0.09986400604248047 
-0.8719682693481445 
-0.8856630325317383 
-0.43517589569091797 
1.5709543228149414 
-0.5766916275024414 
-0.9850454330444336 
1.3386106491088867 
-2.2151803970336914 
0.7419824600219727 
0.5793428421020508 
-1.3742876052856445 
1.8183088302612305 
-0.5033254623413086 
-0.16453266143798828 
-0.7500028610229492 
1.075606346130371 
-2.696213722229004 
-2.2559022903442383 
0.32338619232177734 
-0.4796934127807617 
1.0847234725952148 
-0.5931234359741211 
-0.3269815444946289 
1.5008974075317383 
1.0106325149536133 
-1.0254907608032227 
0.7253122329711914 
-0.9232091903686523 
-0.20345211029052734 
-1.0709142684936523 
-1.5378427505493164 
-2.82468318939209 
-1.1889314651489258 
1.8375062942504883 
1.3223791122436523 
1.0988378524780273 
-2.144637107849121 
1.2817716598510742 
-0.2226877212524414 
-0.0635671615600586 
-1.0270357131958008 
0.6882524490356445 
-0.3222799301147461 
-0.4285001754760742 
1.3923406600952148 
0.3100156784057617 
-0.951695442199707 
-1.421208381652832 
-0.1665353775024414 
1.6493558883666992 
-1.5268278121948242 
-3.0478906631469727 
0.5954885482788086 
0.8773183822631836 
-2.751307487487793 
-0.2968454360961914 
1.1469030380249023 
-0.8328676223754883 
-0.8535909652709961 
-0.47136783599853516 
-2.0516347885131836 
-1.7087793350219727 
2.0337629318237305 
0.4399538040161133 
0.5845403671264648 
-0.4301595687866211 
1.1658334732055664 
-0.6367635726928711 
1.7226076126098633 
1.3068056106567383 
-2.571282386779785 
1.2325143814086914 
0.40097713470458984 
-0.6483697891235352 
-1.1276006698608398 
0.47495365142822266 
0.8450651168823242 
0.40778636932373047 
-1.6228532791137695 
-0.2681589126586914 
2.0020437240600586 
-0.6207704544067383 
0.4836702346801758 
0.9969854354858398 
0.35402774810791016 
-1.2078332901000977 
1.9248723983764648 
2.3131227493286133 
0.8556509017944336 
-0.42480945587158203 
-0.42836666107177734 
-0.08578777313232422 
-0.4304933547973633 
2.3093271255493164 
0.36122798919677734 
2.215275764465332 
-1.1571455001831055 
-0.4149007797241211 
-0.20632266998291016 
-0.5604982376098633 
-0.21899700164794922 
-0.10856151580810547 
-0.8475255966186523 
1.7991018295288086 
0.08043766021728516 
-0.684809684753418 
0.17463207244873047 
0.530247688293457 
-0.24396419525146484 
-0.610356330871582 
-1.407780647277832 
-1.0938119888305664 
-1.0559511184692383 
-0.0022840499877929688 
-0.8504533767700195 
-3.07462215423584 
0.1959085464477539 
-0.782017707824707 
-0.10632991790771484 
-0.7821130752563477 
0.4696321487426758 
-0.5401468276977539 
-1.2815523147583008 
0.8556795120239258 
1.1043310165405273 
1.321864128112793 
0.034461021423339844 
0.1737833023071289 
1.3687944412231445 
-0.35120487213134766 
-0.1638174057006836 
-1.7319250106811523 
-0.4802370071411133 
0.0017499923706054688 
-1.1874723434448242 
-0.7550764083862305 
0.5562829971313477 
-0.11553287506103516 
0.8457231521606445 
-0.21239757537841797 
1.9911718368530273 
0.7615041732788086 
-0.4767179489135742 
-0.7203245162963867 
1.2047719955444336 
0.016198158264160156 
1.916356086730957 
0.7508230209350586 
0.2023172378540039 
-0.7922792434692383 
1.861720085144043 
0.6678533554077148 
0.9603643417358398 
0.6823587417602539 
3.2277345657348633 
-0.9053564071655273 
-0.6881952285766602 
0.5148649215698242 
-0.6967878341674805 
0.756525993347168 
-0.8741331100463867 
-0.33373355865478516 
0.6881093978881836 
-0.3511953353881836 
0.22884845733642578 
-0.6283903121948242 
0.7113504409790039 
0.23285388946533203 
0.6190347671508789 
-0.9935808181762695 
0.7707834243774414 
-0.015807151794433594 
0.653080940246582 
-0.2711820602416992 
1.829686164855957 
-1.7504644393920898 
-0.39817333221435547 
-1.0038328170776367 
-0.9849309921264648 
0.4554891586303711 
0.3277444839477539 
-0.0834798812866211 
-1.6336679458618164 
1.4349126815795898 
-1.2536859512329102 
-0.2603578567504883 
0.6027460098266602 
-0.13592243194580078 
-0.2058267593383789 
0.5374956130981445 
3.1868505477905273 
0.07678508758544922 
-1.1278104782104492 
0.1055288314819336 
-0.14999866485595703 
-1.6648149490356445 
-0.18565654754638672 
0.20006656646728516 
0.4406881332397461 
-1.327528953552246 
1.7564153671264648 
-0.45348644256591797 
-0.5951547622680664 
-0.1034402847290039 
-0.8494329452514648 
-0.29190540313720703 
-0.5682516098022461 
-0.5492353439331055 
0.13824939727783203 
-0.5829381942749023 
-0.3425168991088867 
-0.27547359466552734 
0.3949403762817383 
1.4310789108276367 
0.9297704696655273 
-0.3815031051635742 
-0.08211612701416016 
1.650862693786621 
-0.2855062484741211 
0.19534587860107422 
0.28226375579833984 
-2.1667909622192383 
-0.06343364715576172 
-0.7568979263305664 
0.6290197372436523 
-1.028752326965332 
0.17834186553955078 
0.13539791107177734 
-0.14383792877197266 
-0.28259754180908203 
-0.3901338577270508 
1.5609502792358398 
0.8551549911499023 
0.7667970657348633 
-0.778508186340332 
0.570521354675293 
1.076359748840332 
1.907954216003418 
1.241011619567871 
-2.841935157775879 
-0.4847860336303711 
-0.22918224334716797 
-1.4774465560913086 
-3.876461982727051 
-0.2586698532104492 
-1.0287714004516602 
1.3914823532104492 
0.5481576919555664 
-0.5972719192504883 
1.4652585983276367 
0.4152345657348633 
-1.331315040588379 
-0.30013561248779297 
-0.8078813552856445 
0.2060556411743164 
1.2970685958862305 
-0.5937433242797852 
-0.1569509506225586 
1.2186956405639648 
0.9296369552612305 
-0.16903400421142578 
0.5432271957397461 
-1.2865686416625977 
1.3630056381225586 
-0.8897638320922852 
-2.321181297302246 
1.319575309753418 
1.0591363906860352 
1.8674993515014648 
1.084141731262207 
3.159785270690918 
-2.2424745559692383 
-1.0833501815795898 
2.4744558334350586 
0.5397462844848633 
-0.8881139755249023 
-0.3348398208618164 
-0.5747461318969727 
1.725621223449707 
2.74564266204834 
-1.8668031692504883 
-0.19362926483154297 
-1.1065912246704102 
1.0556840896606445 
0.9365415573120117 
0.7243108749389648 
-1.2522459030151367 
0.2995634078979492 
1.3671445846557617 
-0.8320760726928711 
-1.4778661727905273 
0.4865598678588867 
-0.30446529388427734 
1.3242006301879883 
-0.8993005752563477 
-0.1524972915649414 
1.9364118576049805 
-0.29197216033935547 
2.1048498153686523 
0.45651912689208984 
-0.9975767135620117 
-0.6387472152709961 
-0.052971839904785156 
-0.9497404098510742 
-0.3244447708129883 
0.3891420364379883 
-2.8711652755737305 
-1.7777109146118164 
-0.6296396255493164 
-0.5717611312866211 
1.9397783279418945 
-1.5006113052368164 
1.0906457901000977 
0.19916057586669922 
0.11126041412353516 
-0.10648250579833984 
-0.5176687240600586 
-0.811762809753418 
0.7786417007446289 
0.4415464401245117 
0.050978660583496094 
-0.18546581268310547 
-0.22712230682373047 
-1.8895196914672852 
-0.016531944274902344 
-1.5622377395629883 
0.27870655059814453 
-1.271824836730957 
-0.589146614074707 
-1.055598258972168 
-0.45432567596435547 
-1.0915803909301758 
-0.577549934387207 
0.5382966995239258 
1.7449045181274414 
0.5908823013305664 
0.17558574676513672 
-1.7646169662475586 
0.1809072494506836 
-0.2292013168334961 
0.3710794448852539 
-2.508063316345215 
-0.7119131088256836 
2.034907341003418 
-0.4236173629760742 
-1.3898706436157227 
-0.9310102462768555 
-0.2341604232788086 
-0.5853700637817383 
-1.0431528091430664 
-1.0924768447875977 
-0.057358741760253906 
1.0545110702514648 
-1.1782598495483398 
-1.839003562927246 
0.4744100570678711 
1.237349510192871 
0.48224925994873047 
0.6963205337524414 
-0.24355411529541016 
1.5595769882202148 
-0.7172060012817383 
-0.6200075149536133 
0.47304630279541016 
-0.12257099151611328 
-0.8800363540649414 
-1.129622459411621 
0.6396341323852539 
-1.4235162734985352 
0.6138372421264648 
-0.625462532043457 
-2.4210596084594727 
-0.4876375198364258 
-0.23828983306884766 
-0.2671194076538086 
-0.39252758026123047 
2.368149757385254 
0.9432077407836914 
0.022444725036621094 
-0.14829158782958984 
0.0927114486694336 
0.7203149795532227 
-0.11693477630615234 
-0.047202110290527344 
-0.3463602066040039 
-0.7323694229125977 
-0.034546852111816406 
-0.23220539093017578 
0.7602071762084961 
0.5649995803833008 
-0.09510517120361328 
2.1457672119140625E-4 
2.7663183212280273 
-1.973109245300293 
0.36542415618896484 
0.723872184753418 
-0.3775930404663086 
-3.0493688583374023 
1.8509244918823242 
-0.12343883514404297 
-1.415562629699707 
-0.43596744537353516 
0.31898975372314453 
-0.14394283294677734 
1.7691659927368164 
0.34189701080322266 
-0.19703388214111328 
0.27100086212158203 
0.7393026351928711 
-1.3858842849731445 
1.0438871383666992 
-0.1768636703491211 
0.3923368453979492 
0.8046483993530273 
-1.138291358947754 
1.199784278869629 
-0.007328987121582031 
0.08066654205322266 
-1.4355230331420898 
-1.596512794494629 
0.42871952056884766 
1.656346321105957 
0.8434534072875977 
0.8096933364868164 
0.25739192962646484 
1.4246892929077148 
-0.5173254013061523 
0.8166074752807617 
-1.9986772537231445 
0.6447744369506836 
0.24159908294677734 
0.12604236602783203 
1.9517946243286133 
0.5564451217651367 
-2.625584602355957 
2.6241445541381836 
1.0799646377563477 
0.04493236541748047 
0.8913373947143555 
2.58699893951416 
-0.10513782501220703 
-0.5693864822387695 
-1.7075490951538086 
-1.1603021621704102 
-0.8527898788452148 
-0.7941770553588867 
0.9416913986206055 
-2.158188819885254 
0.5833768844604492 
1.0217714309692383 
-0.32404422760009766 
1.5212202072143555 
2.015557289123535 
2.507796287536621 
0.2970743179321289 
-0.5615091323852539 
-0.6277132034301758 
-0.22849559783935547 
3.285832405090332 
2.501969337463379 
-0.4972505569458008 
-0.33002376556396484 
1.5351343154907227 
-0.9647130966186523 
-0.6167078018188477 
-0.1125955581665039 
-0.05343914031982422 
-0.5628633499145508 
-1.7204713821411133 
-1.8004751205444336 
-2.611222267150879 
0.16490459442138672 
-0.13824939727783203 
1.348872184753418 
-0.13453960418701172 
-1.8038034439086914 
1.5260839462280273 
-1.1461496353149414 
2.067084312438965 
0.38205623626708984 
-0.0917959213256836 
0.956416130065918 
0.1872110366821289 
1.0656499862670898 
0.24709224700927734 
-1.1670351028442383 
0.16896724700927734 
-1.310563087463379 
0.5015897750854492 
-0.8596372604370117 
-0.8939218521118164 
1.142868995666504 
1.4200353622436523 
0.25039196014404297 
-0.8379411697387695 
-0.7323694229125977 
-0.02227306365966797 
-0.26298999786376953 
-1.2553167343139648 
-0.2737855911254883 
1.2076902389526367 
0.24257183074951172 
-0.6198930740356445 
0.19183635711669922 
1.461167335510254 
-0.2823305130004883 
2.282443046569824 
-0.836796760559082 
0.47866344451904297 
0.746769905090332 
1.3665246963500977 
0.48546314239501953 
-0.38482189178466797 
-0.7247686386108398 
0.38454532623291016 
0.6117010116577148 
-1.1566972732543945 
-0.806126594543457 
0.4501962661743164 
-1.2518835067749023 
0.5844736099243164 
-0.005841255187988281 
0.24779796600341797 
0.5344915390014648 
-1.0542726516723633 
0.11761188507080078 
1.516556739807129 
0.12384891510009766 
0.33080577850341797 
1.1785078048706055 
1.0752534866333008 
0.6639909744262695 
-1.2965154647827148 
-1.172337532043457 
-1.2580442428588867 
-0.0858926773071289 
0.8626222610473633 
-0.27783870697021484 
-1.2664079666137695 
-0.8290719985961914 
-0.8649396896362305 
-1.6527891159057617 
-0.32598018646240234 
1.4528799057006836 
-0.5260324478149414 
0.6317758560180664 
1.4859914779663086 
1.4560937881469727 
-0.9081029891967773 
-1.0017824172973633 
-0.8746671676635742 
0.42290210723876953 
0.7945871353149414 
1.0995054244995117 
-0.9188318252563477 
-0.6995439529418945 
0.7329893112182617 
0.14416217803955078 
-0.5985689163208008 
-0.8981657028198242 
1.4913511276245117 
-1.3147687911987305 
-1.4261102676391602 
-0.5093717575073242 
-0.14989376068115234 
-0.02978801727294922 
0.49544811248779297 
-0.8426427841186523 
0.33620357513427734 
1.1133050918579102 
-0.3025960922241211 
-0.3374338150024414 
-0.23375988006591797 
0.2364492416381836 
0.06452083587646484 
-0.9123945236206055 
-1.0617971420288086 
-0.19409656524658203 
